25412439
449062653
27306614
851491412
374152961
68688605
27327963
14691999
914137926
27478115
12363566
21438514
26947426
350977927
957404322
8177192
1010805811
10289143
26913121
1599121250
26486835
21322840
27354460
27357872
9074444
2112992111
998682434
15579842
156137226
21530662
1780256837
26954718
1852494058
27442762
438877834
20916775
1465293125
1807091348
23737768
1785280387
1712259768
849757074
25037683
25648863
194667484
28151731
1610996112
1470334027
1939002664
1479074964
15180471
636576633
18558665
103353020
1954877480
10725152
12562298
15932046
1933374468
166810617
104942330
27504669
1761324807
430495584
2109091320
1589818732
26597023
1027378018
758510553
859120782
736123958
1783455931
12082757
26515557
426338768
2146954487
560417839
1325689102
792280907
19832424
17143020
1186074558
7962127
58869063
12098072
833211918
183953874
25975641
506798531
21654953
884792169
285995081
935685513
22614451
671838041
831420846
26423764
67402263
17904909
12042028
1583526308
2035117814
749195378
170274571
1677501438
2137368306
8111912
1708596124
14529843
432512643
5339640
11892000
11130094
1224328842
17127106
852041690
1248095865
1168426989
100565772
879545025
902675163
8119810
1450195453
24661371
19923450
1552596037
632566108
17127098
1160106567
11993337
535854889
853538608
209310402
634279119
2030796361
256460530
395250465
104339351
8326472
1848724927
2140349111
1296892461
1279690037
26436762
916959098
17117079
881106274
1145187897
8316333
685537653
922054639
26180351
21228021
1227265995
631954783
1378218349
9436747
9947696
12608711
1307368254
15467130
27306531
663445629
1508811977
282435994
1007010121
2009702898
59783300
1982069209
1269220264
27097057
26784948
216399939
1062513836
18747547
7981650
27319717
15350914
26827247
20046332
26329419
1096061702
1442818030
16531527
18291213
1843637184
1076402971
441817445
27344823
1911883274
12364463
201690486
1943706894
94758248
1720897670
15592671
1611483869
1732713696
8684691
195183718
27303328
126524920
14931553
1885163607
2114943347
999357768
912019406
136330620
1544842637
399005517
2049816800
20171242
278552523
758052859
334352671
27515109
17069692
10788280
129444809
766115812
1158733585
1194140784
1698160095
1484114161
26935906
146844367
1688591959
2024019651
45262134
10135102
408021086
713776447
2032058841
752315405
1043805127
27118169
26436680
1077554298
12327305
1230878470
7871788
9418483
11892193
14537180
11551623
1459252832
27559251
1016240821
13491409
1123664071
826630730
1719971500
1339873160
21573299
27441753
825228018
14535332
1153854095
1836979145
815218628
1415432528
730765505
545482850
24265618
1656030277
47452708
740477621
24878423
27302600
1105565775
943379498
1048445204
1506149631
38551962
87562605
942622265
699297363
666981928
18489007
628069323
27303039
15850102
1754715807
632571824
2030737679
21322781
18497864
13072359
27442541
637117654
24165141
378860029
17127070
1817471479
15609373
1523565958
1743395013
466661570
13332796
47999101
1326006491
10829728
2086997893
284808318
1805270852
949186205
738080170
1543745735
13597561
1685479437
498493305
1585648380
9936131
183911448
101775491
1799013955
1977247735
27302379
1493693586
2051494433
1197947475
1774502481
8892408
1455872264
19020540
1754854148
777113914
14857221
5836838
1690861585
1605152416
1403073024
1076057216
15962499
850597813
641478364
10830772
1577226178
334284903
17685417
2039683348
580137029
462754065
1914708297
891521105
24165089
1168350995
1219237931
1097302704
559639852
493657736
1377922289
1729286609
1346915989
11848765
8131353
403178823
1647868339
965898032
1844477895
15415497
16183533
10022662
317594752
26601273
1701410141
11065752
1415151658
1477386147
1710401634
256152290
18771457
1552777412
1350710192
1833192805
419610848
1955082346
1567878496
13491103
24944981
127097601
799932732
1815964111
13319588
1385259117
1816025400
15871098
1085162986
1859301258
1314563961
1291329930
394786868
146608944
590259027
13032739
1343454380
1193867585
434426520
500268595
1774480118
440465699
534968961
119948905
13570998
953127705
1844070275
1901279455
2023394740
1752201685
15487478
1055054337
535169802
1123510436
774215310
350929316
113008143
403043567
1138062642
1599892305
16827966
27169786
1405234556
21130104
202406779
429172635
190596881
2009007123
1477469896
224287752
2059085187
307512383
1653617786
24165091
837471581
1020300285
482206422
15346704
630594895
1943125828
1795058041
1371919635
1958425401
744884643
409491632
915200137
15747172
18677917
1651141679
9069312
1769495886
776488447
776786023
962992546
288279835
1592105734
1075973373
926395688
8156710
319840674
943441476
9787965
1249646143
1609893321
496679888
1098616437
1031269993
15190636
2092387106
287477438
465954432
94340890
488464686
1539416303
17078202
1698904517
25625418
1181554710
395506367
997716727
11835838
1842891118
1933788016
27466005
735442466
1032367731
1228201389
2020116311
1439908949
32996384
1553015897
1011710579
163968442
2115116474
121532402
390441615
1204340447
2048441278
13061142
1192520869
1871732343
